
*Here is the output obtained after inserting the 100 3-dimensional points generated from the "input.txt" file.
*An apercu of how the algorithm partition points in space. Here the nodes are traversed in an in-order traversal(right-root-left)
*We have the nodes presented when there are still static in their positions in the tree and when there have moved to
    new positions in the tree. Numbers besides points are just representations/names of points to ease recognition of points for ease of access.

**********************************************************************************************************************************************
when nodes are still in their fixed positions

98(20 , 19 , 18)  66(18 , 17 , 21)  35(18 , 13 , 9)  34(20 , 19 , 3)  89(18 , 14 , 2)  5(19 , 13 , 15)  63(21 , 12 , 18)
31(18 , 9 , 19)  30(20 , 12 , 14)  33(19 , 10 , 4)  29(19 , 7 , 14)  56(21 , 1 , 18)  47(20 , 1 , 11)  21(18 , 5 , 11)
18(19 , 7 , 1)  0(18 , 8 , 16)  41(16 , 21 , 20)  67(15 , 19 , 21)  74(10 , 20 , 6)  12(10 , 20 , 6)  95(9 , 20 , 19)
24(9 , 20 , 19)  59(8 , 19 , 17)  20(5 , 20 , 19)  16(1 , 20 , 11)  14(8 , 19 , 6)  9(2 , 21 , 4)  93(4 , 21 , 0)
69(17 , 19 , 1)  55(4 , 19 , 2)  1(17 , 19 , 4)  10(11 , 18 , 13)  49(15 , 14 , 20)  53(17 , 12 , 16)  65(16 , 17 , 19)
97(14 , 8 , 16)  42(14 , 8 , 16)  86(15 , 4 , 19)  45(15 , 2 , 17)  36(13 , 6 , 16)  13(16 , 11 , 16)  92(16 , 6 , 7)
25(15 , 6 , 15)  83(14 , 14 , 13)  80(14 , 10 , 10)  85(13 , 15 , 7)  91(12 , 14 , 6)  62(11 , 16 , 6)  87(14 , 14 , 5)
79(12 , 17 , 5)  26(13 , 7 , 14)  73(13 , 4 , 13)  70(13 , 5 , 13)  82(13 , 0 , 8)  88(11 , 1 , 5)  3(11 , 10 , 13)
32(8 , 17 , 14)  22(8 , 16 , 11)  76(10 , 12 , 20)  60(7 , 11 , 12)  15(7 , 17 , 19)  99(4 , 17 , 11)  11(6 , 13 , 11)
71(4 , 15 , 6)  4(7 , 11 , 20)  77(9 , 7 , 18)  48(3 , 5 , 17)  39(8 , 3 , 19)  27(3 , 9 , 18)  54(1 , 3 , 21)  57(1 , 0 , 19)
7(5 , 2 , 17)  90(2 , 7 , 12)  38(4 , 5 , 11)  84(7 , 3 , 13)  40(2 , 2 , 10)  78(9 , 0 , 7)  52(1 , 4 , 9)  17(1 , 4 , 14)
2(7 , 16 , 5)  50(13 , 16 , 2)  96(16 , 15 , 2)  68(14 , 10 , 3)  81(6 , 15 , 3)  75(11 , 15 , 2)  61(9 , 14 , 2)  64(16 , 13 , 0)
37(6 , 9 , 4)  46(3 , 16 , 1)  23(14 , 11 , 0)  8(3 , 8 , 2)  94(17 , 7 , 4)  43(7 , 6 , 4)  28(17 , 7 , 4)  58(12 , 3 , 3)
44(12 , 5 , 3)  72(7 , 4 , 1)  6(3 , 13 , 0)  51(2 , 11 , 1)  19(0 , 9 , 1)

**********************************************************************************************************************************************
when nodes are moved to new positions

98(50 , 47.5 , 45)  66(45 , 42.5 , 52.5)  35(45 , 32.5 , 22.5)  34(50 , 47.5 , 7.5)  89(45 , 35 , 5)  5(47.5 , 32.5 , 37.5)
63(52.5 , 30 , 45)  31(45 , 22.5 , 47.5)  30(50 , 30 , 35)  33(47.5 , 25 , 10)  29(47.5 , 17.5 , 35)  56(52.5 , 2.5 , 45)
47(50 , 2.5 , 27.5)  21(45 , 12.5 , 27.5)  18(47.5 , 17.5 , 2.5)  0(45 , 20 , 40)  41(40 , 52.5 , 50)  67(37.5 , 47.5 , 52.5)
74(25 , 50 , 15)  12(25 , 50 , 15)  95(22.5 , 50 , 47.5)  24(22.5 , 50 , 47.5)  59(20 , 47.5 , 42.5)  20(12.5 , 50 , 47.5)
16(2.5 , 50 , 27.5)  14(20 , 47.5 , 15)  9(5 , 52.5 , 10)  93(10 , 52.5 , 0)  69(42.5 , 47.5 , 2.5)  55(10 , 47.5 , 5)
1(42.5 , 47.5 , 10)  10(27.5 , 45 , 32.5)  49(37.5 , 35 , 50)  53(42.5 , 30 , 40)  65(40 , 42.5 , 47.5)  97(35 , 20 , 40)
42(35 , 20 , 40)  86(37.5 , 10 , 47.5)  45(37.5 , 5 , 42.5)  36(32.5 , 15 , 40)  13(40 , 27.5 , 40)  92(40 , 15 , 17.5)
25(37.5 , 15 , 37.5)  83(35 , 35 , 32.5)  80(35 , 25 , 25)  85(32.5 , 37.5 , 17.5)  91(30 , 35 , 15)  62(27.5 , 40 , 15)
87(35 , 35 , 12.5)  79(30 , 42.5 , 12.5)  26(32.5 , 17.5 , 35)  73(32.5 , 10 , 32.5)  70(32.5 , 12.5 , 32.5)  82(32.5 , 0 , 20)
88(27.5 , 2.5 , 12.5)  3(27.5 , 25 , 32.5)  32(20 , 42.5 , 35)  22(20 , 40 , 27.5)  76(25 , 30 , 50)  60(17.5 , 27.5 , 30)
15(17.5 , 42.5 , 47.5)  99(10 , 42.5 , 27.5)  11(15 , 32.5 , 27.5)  71(10 , 37.5 , 15)  4(17.5 , 27.5 , 50)  77(22.5 , 17.5 , 45)
48(7.5 , 12.5 , 42.5)  39(20 , 7.5 , 47.5)  27(7.5 , 22.5 , 45)  54(2.5 , 7.5 , 52.5)  57(2.5 , 0 , 47.5)  7(12.5 , 5 , 42.5)
90(5 , 17.5 , 30)  38(10 , 12.5 , 27.5)  84(17.5 , 7.5 , 32.5)  40(5 , 5 , 25)  78(22.5 , 0 , 17.5)  52(2.5 , 10 , 22.5)
17(2.5 , 10 , 35)  2(17.5 , 40 , 12.5)  50(32.5 , 40 , 5)  96(40 , 37.5 , 5)  68(35 , 25 , 7.5)  81(15 , 37.5 , 7.5)  75(27.5 , 37.5 , 5)
61(22.5 , 35 , 5)  64(40 , 32.5 , 0)  37(15 , 22.5 , 10)  46(7.5 , 40 , 2.5)  23(35 , 27.5 , 0)  8(7.5 , 20 , 5)  94(42.5 , 17.5 , 10)
43(17.5 , 15 , 10)  28(42.5 , 17.5 , 10)  58(30 , 7.5 , 7.5)  44(30 , 12.5 , 7.5)  72(17.5 , 10 , 2.5)  6(7.5 , 32.5 , 0)  51(5 , 27.5 , 2.5)
19(0 , 22.5 , 2.5)


